1446693924 20937
1446694525 21000
1446695126 20937
1446695727 20937
1446696328 20937
1446696928 20875
1446697529 20812
1446698130 20812
1446698731 20812
1446699332 20750
1446699933 20687
1446700534 20687
1446701135 20625
1446701735 20562
1446702336 20562
1446702937 20500
1446703538 20500
1446704139 20500
1446704740 20500
1446705341 20500
1446705942 20437
1446706542 20437
1446707143 20437
1446707744 20437
1446708345 20375
1446708946 20375
1446709547 20375
1446710148 20312
1446710749 20312
1446711350 20312
1446711950 20312
1446712551 20250
1446713152 20250
1446713753 20187
1446714354 20187
1446714955 20187
1446715556 20187
1446716157 20125
1446716757 20125
1446717358 20125
1446717959 20125
1446718560 20125
1446719161 20125
1446719762 20125
1446720363 20125
1446720964 20125
1446721564 20125
1446722165 20125
1446722766 20187
1446723367 20250
1446723968 20312
1446724569 20312
1446725170 20437
1446725771 20500
1446726372 20625
1446726972 20687
1446727573 20812
1446728174 20937
1446728775 21062
1446729376 21125
1446729977 21437
1446730578 21562
1446731179 21562
1446731779 21500
1446732380 21500
1446732981 21500
1446733582 21500
1446734183 21500
1446734784 21562
1446735385 21562
1446735986 21562
1446736587 21625
1446737187 21687
1446737788 21687
1446738389 21750
1446738990 21812
1446739591 21875
1446740192 21875
1446740793 21937
1446741394 22000
1446741994 22000
1446742595 22062
1446743196 22125
1446743797 22125
1446744398 22250
1446744999 22250
1446745600 22375
1446746201 22375
1446746801 22437
1446747402 22437
1446748003 22437
1446748604 22437
1446749205 22500
1446749806 22500
1446750407 22500
1446751008 22562
1446751609 22500
1446752209 22500
1446752810 22500
1446753411 22562
1446754012 22500
1446754613 22562
1446755214 22562
1446755815 22562
1446756416 22562
1446757016 22562
1446757617 22562
1446758218 22562
1446758819 22562
1446759420 22562
1446760021 22562
1446760622 22500
1446761223 22500
1446761823 22500
1446762424 22500
1446763025 22500
1446763626 22500
1446764227 22437
1446764828 22437
1446765429 22437
1446766030 22500
1446766631 22687
1446767231 22687
1446767832 22687
1446768433 22687
1446769034 22750
1446769635 22750
1446770236 22750
1446770837 22875
1446771438 22875
1446772038 22937
1446772639 22875
1446773240 23062
1446773841 22812
1446774442 22937
1446775043 22812
1446775644 22750
1446776245 22875
1446776846 22750
1446777446 22937
1446778047 23000
1446778648 22875
1446779249 22812
1446779850 22812
1446780451 22812
1446781052 22750
1446781653 22750
1446782253 22687
1446782854 22750
1446783455 22687
1446784056 22687
1446784657 22687
1446785258 22625
1446785859 22625
1446786460 22625
1446787060 22562
1446787661 22562
1446788262 22500
1446788863 22500
1446789464 22562
1446790065 22500
1446790666 22437
1446791267 22437
1446791868 22437
1446792468 22437
1446793069 22375
1446793670 22375
1446794271 22375
1446794872 22312
1446795473 22312
1446796074 22312
1446796675 22312
1446797275 22250
1446797876 22250
1446798477 22250
1446799078 22250
1446799679 22187
1446800280 22125
1446800881 22125
1446801482 22062
1446802082 22000
1446802683 22000
1446803284 22000
1446803885 21937
1446804486 21937
1446805087 21937
1446805688 21875
1446806289 21875
1446806890 21812
1446807490 21812
1446808091 21750
1446808692 21750
1446809293 21750
1446809894 21687
1446810495 21625
1446811096 21562
1446811697 21625
1446812297 21625
1446812898 21687
1446813499 21750
1446814100 21562
1446814701 21625
1446815302 21750
1446815903 21812
1446816504 21812
1446817104 21812
1446817705 21875
1446818306 21937
1446818908 21937
1446819509 21937
1446820110 21937
1446820711 21937
1446821311 21875
1446821912 21875
1446822513 21937
1446823114 21937
1446823715 21937
1446824316 21937
1446824917 22000
1446825518 22062
1446826118 22062
1446826719 22062
1446827320 22125
1446827921 22125
1446828522 22125
1446829123 22187
1446829724 22250
1446830325 22250
1446830926 22312
1446831526 22312
1446832127 22375
1446832728 22375
1446833329 22375
1446833930 22437
1446834531 22500
1446835132 22500
1446835733 22562
1446836333 22562
1446836934 22562
1446837535 22625
1446838136 22625
1446838737 22625
1446839338 22625
1446839939 22625
1446840540 22625
1446841140 22687
1446841741 22687
1446842342 22687
1446842943 22687
1446843544 22687
1446844145 22687
1446844746 22625
1446845347 22625
1446845948 22625
1446846548 22625
1446847149 22625
1446847750 22625
1446848351 22687
1446848952 22625
1446849553 22562
1446850154 22562
1446850755 22562
1446851355 22562
1446851956 22562
1446852557 22562
1446853158 22562
1446853759 22562
1446854360 22500
1446854961 22500
1446855562 22500
1446856162 22500
1446856763 22500
1446857364 22500
1446857965 22437
1446858566 22437
1446859167 22437
1446859768 22500
1446860369 22437
1446860970 22437
1446861570 22500
1446862171 22437
1446862772 22437
1446863373 22437
1446863974 22437
1446864575 22437
1446865176 22437
1446865777 22437
1446866377 22437
1446866978 22437
1446867579 22437
1446868180 22500
1446868781 22437
1446869382 22437
1446869983 22375
1446870584 22437
1446871184 22375
1446871785 22312
1446872386 22187
1446872987 22125
1446873588 22062
1446874189 22000
1446874790 21937
1446875391 21937
1446875992 21937
1446876592 21937
1446877193 21875
1446877794 21937
1446878395 21875
1446878996 21875
1446879597 21875
1446880198 21812
1446880799 21812
1446881399 21750
1446882000 21687
1446882601 21625
1446883202 21625
1446883803 21562
1446884404 21562
1446885005 21562
1446885606 21500
1446886206 21437
1446886807 21437
1446887408 21375
1446888009 21375
1446888610 21312
1446889211 21312
1446889812 21250
1446890413 21187
1446891014 21125
1446891614 21125
1446892215 21125
1446892816 21062
1446893417 21000
1446894018 20937
1446894619 20937
1446895220 20875
1446895821 20812
1446896421 20687
1446897022 20625
1446897623 20562
1446898224 20500
1446898825 20500
1446899426 20375
1446900027 20375
1446900628 20250
1446901228 20250
1446901829 20187
1446902430 20125
1446903031 20062
1446903632 20062
1446904233 20000
1446904834 19937
1446905435 19875
1446906036 19812
1446906636 19750
1446907237 19750
1446907838 19750
1446908439 19750
1446909040 19750
1446909641 19750
1446910242 19562
1446910843 19625
1446911443 19562
1446912044 19562
1446912645 19500
1446913246 19500
1446913847 19437
1446914448 19437
1446915049 19375
1446915650 19250
1446916250 19312
1446916851 19312
1446917452 19375
1446918053 19312
1446918654 19312
1446919255 19312
1446919856 19250
1446920457 19250
1446921058 19250
1446921658 19250
1446922259 19187
1446922860 19187
1446923461 19125
1446924062 19062
1446924663 19062
1446925264 19000
1446925865 19000
1446926465 19000
1446927066 19000
1446927667 19000
1446928268 19000
1446928869 19000
1446929470 18937
1446930071 18937
1446930672 18937
1446931273 18875
1446931873 18875
1446932474 18812
1446933075 18812
1446933676 18812
1446934277 18812
1446934878 18750
1446935479 18687
1446936080 18687
1446936680 18687
1446937281 18625
1446937882 18625
1446938483 18625
1446939084 18562
1446939685 18625
1446940286 18562
1446940887 18562
1446941487 18562
1446942088 18562
1446942689 18562
1446943290 18500
1446943891 18500
1446944492 18437
1446945093 18437
1446945694 18375
1446946295 18312
1446946895 18250
1446947496 18250
1446948097 18187
1446948698 18125
1446949299 18125
1446949900 18062
1446950501 18062
1446951102 18000
1446951702 18000
1446952303 17937
1446952904 17875
1446953505 17812
1446954106 17812
1446954707 17750
1446955308 17687
1446955909 17562
1446956509 17500
1446957110 17500
1446957711 17437
1446958312 17375
1446958913 17437
1446959514 17375
1446960115 17375
1446960716 17250
1446961317 17250
1446961917 17125
1446962518 17125
1446963119 17062
1446963720 17062
1446964321 17000
1446964922 16937
1446965523 16875
1446966124 16875
1446966724 16812
1446967325 16812
1446967926 16750
1446968527 16687
1446969128 16687
1446969729 16625
1446970330 16562
1446970931 16500
1446971531 16500
1446972132 16437
1446972733 16437
1446973334 16375
1446973935 16250
1446974536 16187
1446975137 16187
1446975738 16187
1446976339 16125
1446976939 16062
1446977540 16000
1446978141 15937
1446978742 15812
1446979343 15750
1446979944 15687
1446980545 15625
1446981146 15500
1446981746 15437
1446982347 15375
1446982948 15375
1446983549 15375
1446984150 15312
1446984751 15312
1446985352 15375
1446985953 15562
1446986553 15625
1446987154 15687
1446987755 15750
1446988356 15750
1446988957 16000
1446989558 16250
1446990159 16375
1446990760 16187
1446991361 16562
1446991961 16375
1446992562 16687
1446993163 16937
1446993764 17000
1446994365 17125
1446994966 17187
1446995567 17000
1446996168 17437
1446996768 17500
1446997369 17625
1446997970 17687
1446998571 17437
1446999172 17500
1446999773 17625
1447000374 17625
1447000975 17437
1447001575 17500
1447002176 17562
1447002777 17500
1447003378 17500
1447003979 17437
1447004580 17375
1447005181 17375
1447005782 17312
1447006383 17375
1447006983 17375
1447007584 17437
1447008185 17437
1447008786 17375
1447009387 17375
1447009988 17375
1447010589 17250
1447011190 17312
1447011790 17250
1447012391 17250
1447012992 17250
1447013593 17250
1447014194 17250
1447014795 17250
1447015396 17250
1447015997 17312
1447016597 17312
1447017198 17312
1447017799 17312
1447018400 17375
1447019001 17312
1447019602 17312
1447020203 17312
1447020804 17312
1447021405 17500
1447022005 17625
1447022606 17687
1447023207 17750
1447023808 17875
1447024409 17937
1447025010 18062
1447025611 18062
1447026212 18125
1447026812 18187
1447027413 18187
1447028014 18250
1447028615 18312
1447029216 18375
1447029817 18250
1447030418 18250
1447031019 18187
1447031620 18187
1447032220 18187
1447032821 18125
1447033422 18125
1447034023 18125
1447034624 18125
1447035225 18125
1447035826 18062
1447036427 18000
1447037027 18000
1447037628 18062
1447038229 18125
1447038830 18125
1447039431 18125
1447040032 18125
1447040633 18125
1447041234 18125
1447041834 18125
1447042435 18187
1447043036 18187
1447043637 18187
1447044238 18125
1447044839 18062
1447045440 18125
1447046041 18062
1447046642 18000
1447047242 18000
1447047843 18062
1447048444 18062
1447049045 18062
1447049646 18062
1447050247 18062
1447050848 17937
1447051449 17937
1447052049 17937
1447052650 17937
1447053251 17937
1447053852 17875
1447054453 17875
1447055054 17875
1447055655 17812
1447056256 17750
1447056856 17750
1447057457 17750
1447058058 17687
1447058659 17687
1447059260 17687
1447059861 17687
1447060462 17687
1447061063 17687
1447061664 17625
1447062264 17625
1447062865 17562
1447063466 17562
1447064067 17562
1447064668 17625
1447065269 17750
1447065870 17812
1447066471 18000
1447067071 18187
1447067672 18437
1447068273 18562
1447068874 18750
1447069475 18812
1447070076 18937
1447070677 19062
1447071278 19125
1447071878 19125
1447072479 19125
1447073080 19187
1447073681 19187
1447074282 19187
1447074883 19187
1447075484 19187
1447076085 19187
1447076686 19187
1447077286 19187
1447077887 19187
1447078488 19125
1447079089 19125
1447079690 19125
1447080291 19062
1447080892 19062
1447081493 19062
1447082093 19000
1447082694 19000
1447083295 19000
1447083896 19000
1447084497 18937
1447085098 18937
1447085699 18937
1447086300 18937
1447086900 18937
1447087501 18937
1447088102 18937
1447088703 18937
1447089304 18937
1447089905 18937
1447090506 18937
1447091107 19000
1447091708 18937
1447092308 18937
1447092909 18937
1447093510 18937
1447094111 18937
1447094712 18875
1447095313 18875
1447095914 18875
1447096515 18875
1447097115 18875
1447097716 18812
1447098317 18812
1447098918 18875
1447099519 18875
1447100120 18875
1447100721 18875
1447101322 18875
1447101922 18875
1447102523 18875
1447103124 18812
1447103725 18750
1447104326 18750
1447104927 18750
1447105528 18750
1447106129 18750
1447106730 18750
1447107330 18687
1447107931 18687
1447108532 18687
1447109133 18687
1447109734 18687
1447110335 18750
1447110936 18750
1447111537 18812
1447112137 18812
1447112738 18875
1447113339 18937
1447113940 19000
1447114541 19062
1447115142 19125
1447115743 19250
1447116344 19312
1447116944 19437
1447117545 19562
1447118146 19625
1447118747 19750
1447119348 19812
1447119949 19875
1447120550 20000
1447121151 20062
1447121752 20125
1447122352 20125
1447122953 20250
1447123554 20250
1447124155 20312
1447124756 20312
1447125357 20375
1447125958 20375
1447126559 20375
1447127159 20375
1447127760 20375
1447128361 20375
1447128962 20375
1447129563 20312
1447130164 20312
1447130765 20250
1447131366 20187
1447131966 20187
1447132567 20187
1447133168 20125
1447133769 20125
1447134370 20062
1447134971 20062
1447135572 20062
1447136173 20000
1447136774 19937
1447137374 19937
1447137975 19875
1447138576 19812
1447139177 19812
1447139778 19687
1447140379 19687
1447140980 19625
1447141581 19625
1447142181 19562
1447142782 19562
1447143383 19500
1447143984 19500
1447144585 19437
1447145186 19375
1447145787 19375
1447146388 19375
1447146989 19312
1447147589 19250
1447148190 19187
1447148791 19125
1447149392 19125
1447149993 19125
1447150594 19062
1447151195 19062
1447151796 19062
1447152396 19062
1447152997 19125
1447153598 19250
1447154199 19312
1447154800 19437
1447155401 19625
1447156002 19750
1447156603 19937
1447157204 20125
1447157804 20250
1447158405 20437
1447159006 20625
1447159607 20812
1447160208 20937
1447160809 21125
1447161410 21250
1447162011 21375
1447162611 21437
1447163212 21500
1447163813 21562
1447164414 21562
1447165015 21562
1447165616 21625
1447166217 21625
1447166818 21625
1447167418 21687
1447168019 21687
1447168620 21687
1447169221 21687
1447169822 21687
1447170423 21625
1447171024 21625
1447171625 21625
1447172226 21625
1447172826 21562
1447173427 21562
1447174028 21500
1447174629 21500
1447175230 21437
1447175831 21437
1447176432 21375
1447177033 21375
1447177633 21375
1447178234 21375
1447178835 21312
1447179436 21250
1447180037 21250
1447180638 21187
1447181239 21187
1447181840 21125
1447182441 21125
1447183041 21062
1447183642 21062
1447184243 21000
1447184844 20937
1447185445 20937
1447186046 20875
1447186647 20875
1447187248 20875
1447187848 20812
1447188449 20812
1447189050 20750
1447189651 20750
1447190252 20687
1447190853 20687
1447191454 20625
1447192055 20625
1447192655 20562
1447193256 20500
1447193857 20500
1447194458 20437
1447195059 20437
1447195660 20375
1447196261 20375
1447196862 20375
1447197463 20312
1447198063 20312
1447198664 20312
1447199265 20437
1447199866 20562
1447200467 20625
1447201068 20687
1447201669 20750
1447202270 20812
1447202870 20812
1447203471 20812
1447204072 20875
1447204673 20875
1447205274 20875
1447205875 20937
1447206476 20937
1447207077 20937
1447207677 21000
1447208278 21000
1447208879 21000
1447209480 21000
1447210081 20937
1447210682 20875
1447211283 20812
1447211884 20812
1447212485 20750
1447213085 20687
1447213686 20625
1447214287 20562
1447214888 20500
1447215489 20437
1447216090 20375
1447216691 20312
1447217292 20375
1447217892 20312
1447218493 20312
1447219094 20250
1447219695 20312
1447220296 20250
1447220897 20250
1447221498 20250
1447222099 20187
1447222699 20187
1447223300 20187
1447223901 20125
1447224502 20187
1447225103 20187
1447225704 20125
1447226305 20062
1447226906 20062
1447227507 20000
1447228107 20000
1447228708 19937
1447229309 19937
1447229910 19875
1447230511 19937
1447231112 20000
1447231713 20000
1447232314 19937
1447232914 19937
1447233515 19875
1447234116 19875
1447234717 19875
1447235318 19875
1447235919 19875
1447236520 19812
1447237121 19812
1447237721 19750
1447238322 19812
1447238923 19875
1447239524 19937
1447240125 20000
1447240726 20125
1447241327 20250
1447241928 20375
1447242529 20562
1447243129 20687
1447243730 20875
1447244331 21062
1447244932 21187
1447245533 21375
1447246134 21500
1447246735 21625
1447247336 21750
1447247936 21875
1447248537 22000
1447249138 22062
1447249739 22125
1447250340 22187
1447250941 22250
1447251542 22312
1447252143 22375
1447252743 22500
1447253344 22562
1447253945 22625
1447254546 22625
1447255147 22687
1447255748 22750
1447256349 22750
1447256950 22687
1447257551 22812
1447258151 22812
1447258752 22812
1447259353 22812
1447259954 22812
1447260555 22812
1447261156 22750
1447261757 22687
1447262358 22687
1447262958 22625
1447263559 22500
1447264160 22437
1447264761 22375
1447265362 22250
1447265963 22187
1447266564 22125
1447267165 22062
1447267765 22000
1447268366 21937
1447268967 21875
1447269568 21812
1447270169 21750
1447270770 21687
1447271371 21562
1447271972 21562
1447272573 21500
1447273173 21437
1447273774 21500
1447274375 21625
1447274976 21687
1447275577 21750
1447276178 21687
1447276779 21625
1447277380 21687
1447277980 21687
1447278581 21625
1447279182 21562
1447279783 21500
1447280384 21437
1447280985 21375
1447281586 21375
1447282187 21437
1447282788 21375
1447283388 21375
1447283989 21375
1447284590 21312
1447285191 21312
1447285792 21312
1447286393 21312
1447286994 21312
1447287595 21312
1447288195 21312
1447288796 21312
1447289397 21312
1447289998 21312
1447290599 21312
1447291200 21312
1447291801 21312
1447292402 21312
1447293002 21375
1447293603 21437
1447294204 21562
1447294805 21750
1447295406 21937
1447296007 22125
1447296608 22312
1447297209 22562
1447297810 22750
1447298410 22937
1447299011 23062
1447299612 23062
1447300213 23187
1447300814 23187
1447301415 23187
1447302016 23250
1447302617 23250
1447303217 23250
1447303818 23250
1447304419 23250
1447305020 23187
1447305621 23187
1447306222 23250
1447306823 23187
1447307424 23062
1447308024 23000
1447308625 22937
1447309226 22875
1447309827 22750
1447310428 22687
1447311029 22625
1447311630 22562
1447312231 22500
1447312832 22437
1447313432 22375
1447314033 22375
1447314634 22312
1447315235 22250
1447315836 22187
1447316437 22125
1447317038 22062
1447317639 22000
1447318239 22000
1447318840 21937
1447319441 21937
1447320042 21937
1447320643 21875
1447321244 21812
1447321845 21750
1447322446 21750
1447323046 21687
1447323647 21625
1447324248 21562
1447324849 21500
1447325450 21500
1447326051 21562
1447326652 21562
1447327253 21562
1447327854 21625
1447328454 21687
1447329055 21750
1447329656 21812
1447330257 21937
1447330858 22062
1447331459 22125
1447332060 22312
1447332661 22437
1447333261 22562
1447333862 22750
1447334463 22812
1447335064 22875
1447335665 23187
1447336266 23375
1447336867 23312
1447337468 23312
1447338068 23312
1447338669 23312
1447339270 23312
1447339871 23312
1447340472 23250
1447341073 23250
1447341674 23187
1447342275 23187
1447342876 23125
1447343476 23062
1447344077 23062
1447344678 23000
1447345279 23000
1447345880 22937
1447346481 22875
1447347082 22812
1447347683 22812
1447348283 22750
1447348884 22687
1447349485 22625
1447350086 22562
1447350687 22562
1447351288 22500
1447351889 22437
1447352490 22375
1447353090 22375
1447353691 22312
1447354292 22250
1447354893 22187
1447355494 22125
1447356095 22062
1447356696 22000
1447357297 22000
1447357898 21937
1447358498 21875
1447359099 21812
1447359700 21812
1447360301 21750
1447360902 21687
1447361503 21687
1447362104 21625
1447362705 21562
1447363305 21500
1447363906 21500
1447364507 21437
1447365108 21437
1447365709 21375
1447366310 21312
1447366911 21250
1447367512 21187
1447368112 21187
1447368713 21125
1447369314 21125
1447369915 21062
1447370516 21000
1447371117 21000
1447371718 20937
1447372319 20937
1447372920 20937
1447373520 20875
1447374121 20812
1447374722 20812
1447375323 20750
1447375924 20750
1447376525 20687
1447377126 20687
1447377727 20625
1447378327 20625
1447378928 20750
1447379529 20812
1447380130 20812
1447380731 20875
1447381332 20937
1447381933 20937
1447382534 21000
1447383134 21062
1447383735 21125
1447384336 21187
1447384937 21250
1447385538 21250
1447386139 21312
1447386740 21312
1447387341 21312
1447387942 21312
1447388542 21375
1447389143 21437
1447389744 21437
1447390345 21437
1447390946 21437
1447391547 21437
1447392148 21437
1447392749 21500
1447393349 21437
1447393950 21437
1447394551 21437
1447395152 21437
1447395753 21437
1447396354 21375
1447396955 21375
1447397556 21312
1447398156 21312
1447398757 21312
1447399358 21250
1447399959 21250
1447400560 21187
1447401161 21187
1447401762 21187
1447402363 21125
1447402964 21125
1447403564 21125
1447404165 21062
1447404766 21062
1447405367 21000
1447405968 21000
1447406569 20937
1447407170 20937
1447407771 20875
1447408371 20875
1447408972 20812
1447409573 20812
1447410174 20812
1447410775 20812
1447411376 20750
1447411977 20750
1447412578 20687
1447413178 20687
1447413779 20687
1447414380 20625
1447414981 20687
1447415582 20687
1447416183 20687
1447416784 20687
1447417385 20875
1447417986 20937
1447418586 21062
1447419187 21187
1447419788 21125
1447420389 21312
1447420990 21375
1447421591 21437
1447422192 21500
1447422793 21562
1447423393 21625
1447423994 21625
1447424595 21625
1447425196 21625
1447425797 21625
1447426398 21625
1447426999 21625
1447427600 21625
1447428201 21625
1447428801 21625
1447429402 21625
1447430003 21562
1447430604 21562
1447431205 21562
1447431806 21562
1447432407 21562
1447433008 21500
1447433608 21500
1447434209 21500
1447434810 21500
1447435411 21437
1447436012 21437
1447436613 21437
1447437214 21375
1447437815 21375
1447438415 21375
1447439016 21312
1447439617 21312
1447440218 21250
1447440819 21250
1447441420 21187
1447442021 21187
1447442622 21187
1447443223 21125
1447443823 21125
1447444424 21062
1447445025 21062
1447445626 21062
1447446227 21062
1447446828 21062
1447447429 21000
1447448030 21000
1447448630 20937
1447449231 20937
1447449832 20937
1447450433 20875
1447451034 20875
1447451635 20812
1447452236 20750
1447452837 20750
1447453437 20750
1447454038 20687
1447454639 20625
1447455240 20562
1447455841 20562
1447456442 20500
1447457043 20500
1447457644 20437
1447458245 20437
1447458845 20375
1447459446 20375
1447460047 20312
1447460648 20250
1447461249 20250
1447461850 20187
1447462451 20187
1447463052 20125
1447463652 20062
1447464253 20000
1447464854 20000
1447465455 19937
1447466056 19937
1447466657 19875
1447467258 19875
1447467859 19812
1447468459 19750
1447469060 19750
1447469661 19750
1447470262 19687
1447470863 19625
1447471464 19625
1447472065 19562
1447472666 19500
1447473267 19437
1447473867 19437
1447474468 19375
1447475069 19312
1447475670 19312
1447476271 19250
1447476872 19250
1447477473 19250
1447478074 19187
1447478674 19187
1447479275 19125
1447479876 19125
1447480477 19062
1447481078 19000
1447481679 19000
1447482280 18937
1447482881 18875
1447483482 18812
1447484082 18812
1447484683 18750
1447485284 18687
1447485885 18687
1447486486 18687
1447487087 18625
1447487688 18562
1447488289 18562
1447488889 18562
1447489490 18500
1447490091 18437
1447490692 18375
1447491293 18312
1447491894 18312
1447492495 18250
1447493096 18250
1447493696 18250
1447494297 18187
1447494898 18187
1447495499 18187
1447496100 18125
1447496701 18125
1447497302 18062
1447497903 18000
1447498504 18000
1447499104 18062
1447499705 18125
1447500306 18187
1447500907 18375
1447501508 18500
1447502109 18750
1447502710 19000
1447503311 19250
1447503911 19562
1447504512 19812
1447505113 20062
1447505714 20312
1447506315 20625
1447506916 20937
1447507517 21250
1447508118 21562
1447508718 21812
1447509319 22062
1447509920 22187
1447510521 22312
1447511122 22437
1447511723 22562
1447512324 22625
1447512925 22687
1447513526 22750
1447514126 22750
1447514727 22750
1447515328 22750
1447515929 22687
1447516530 22687
1447517131 22687
1447517732 22625
1447518333 22562
1447518933 22500
1447519534 22500
1447520135 22437
1447520736 22375
1447521337 22312
1447521938 22250
1447522539 22187
1447523140 22187
1447523740 22125
1447524341 22062
1447524942 22000
1447525543 21937
1447526144 21875
1447526745 21812
1447527346 21812
1447527947 21687
1447528548 21687
1447529148 21625
1447529749 21500
1447530350 21500
1447530951 21375
1447531552 21312
1447532153 21312
1447532754 21250
1447533355 21187
1447533955 21125
1447534556 21062
1447535157 21000
1447535758 20937
1447536359 20937
1447536960 20812
1447537561 20750
1447538162 20687
1447538763 20625
1447539363 20562
1447539964 20500
1447540565 20437
1447541166 20437
1447541767 20375
1447542368 20375
1447542969 20312
1447543570 20250
1447544170 20187
1447544771 20187
1447545372 20125
1447545973 20062
1447546574 20000
1447547175 19937
1447547776 19875
1447548377 19812
1447548977 19750
1447549578 19750
1447550179 19687
1447550780 19625
1447551381 19625
1447551982 19562
1447552583 19562
1447553184 19500
1447553785 19437
1447554385 19437
1447554986 19312
1447555587 19312
1447556188 19250
1447556789 19187
1447557390 19125
1447557991 19062
1447558592 19062
1447559192 19062
1447559793 19062
1447560394 19062
1447560995 19125
1447561596 19125
1447562197 19125
1447562798 19125
1447563399 19125
1447563999 19125
1447564600 19062
1447565201 19000
1447565802 19000
1447566403 18937
1447567004 18937
1447567605 18875
1447568206 18875
1447568807 18812
1447569407 18750
1447570008 18687
1447570609 18687
1447571210 18625
1447571811 18562
1447572412 18562
1447573013 18500
1447573614 18500
1447574214 18437
1447574815 18375
1447575416 18375
1447576017 18312
1447576618 18312
1447577219 18250
1447577820 18250
1447578421 18187
1447579021 18062
1447579622 18000
1447580223 17937
1447580824 17875
1447581425 17812
1447582026 17750
1447582627 17687
1447583228 17687
1447583829 17625
1447584429 17562
1447585030 17562
1447585631 17562
1447586232 17625
1447586833 17687
1447587434 17750
1447588035 17812
1447588636 17875
1447589236 17937
1447589837 17937
1447590438 17937
1447591039 18000
1447591640 18000
1447592241 18000
1447592842 18000
1447593443 18000
1447594043 18000
1447594644 18000
1447595245 18000
1447595846 17937
1447596447 17875
1447597048 17875
1447597649 17812
1447598250 17812
1447598851 17750
1447599451 17750
1447600052 17750
1447600653 17687
1447601254 17687
1447601855 17687
1447602456 17687
1447603057 17687
1447603658 17625
1447604258 17687
1447604859 17625
1447605460 17562
1447606061 17625
1447606662 17562
1447607263 17500
1447607864 17437
1447608465 17437
1447609065 17500
1447609666 17500
1447610267 17500
1447610868 17437
1447611469 17437
1447612070 17437
1447612671 17375
1447613272 17375
1447613873 17375
1447614473 17312
1447615074 17250
1447615675 17250
1447616276 17187
1447616877 17250
1447617478 17250
1447618079 17187
1447618680 17187
1447619280 17187
1447619881 17187
1447620482 17187
1447621083 17125
1447621684 17125
1447622285 17062
1447622886 17062
1447623487 17062
1447624087 17000
1447624688 17000
1447625289 17000
1447625890 17000
1447626491 16937
1447627092 17000
1447627693 16937
1447628294 16937
1447628895 16937
1447629495 16937
1447630096 16937
1447630697 16875
1447631298 16875
1447631899 16875
1447632500 16812
1447633101 16875
1447633702 16812
1447634302 16812
1447634903 16812
1447635504 16812
1447636105 16812
1447636706 16812
1447637307 16875
1447637908 17125
1447638509 17125
1447639110 17312
1447639710 17312
1447640311 17375
1447640912 17437
1447641513 17437
1447642114 17437
1447642715 17437
1447643316 17437
1447643917 17375
1447644517 17375
1447645118 17375
1447645719 17375
1447646320 17375
1447646921 17375
1447647522 17375
1447648123 17312
1447648724 17375
1447649324 17375
1447649925 17312
1447650526 17312
1447651127 17312
1447651728 17375
1447652329 17312
1447652930 17312
1447653531 17250
1447654132 17250
1447654732 17250
1447655333 17187
1447655934 17187
1447656535 17187
1447657136 17187
1447657737 17187
1447658338 17187
1447658939 17187
1447659539 17187
1447660140 17125
1447660741 17125
1447661342 17062
1447661943 17062
1447662544 17062
1447663145 17062
1447663746 17000
1447664346 17000
1447664947 16937
1447665548 16937
1447666149 16937
1447666750 16875
1447667351 16875
1447667952 16875
1447668553 16875
1447669154 16812
1447669754 16812
1447670355 16812
1447670956 16750
1447671557 16812
1447672158 16687
1447672759 16687
1447673360 16687
1447673961 16687
1447674561 16687
1447675162 16750
1447675763 16750
1447676364 16750
1447676965 16625
1447677566 16625
1447678167 16562
1447678768 16500
1447679368 16437
1447679969 16437
1447680570 16375
1447681171 16312
1447681772 16312
1447682373 16312
1447682974 16312
1447683575 16312
1447684176 16312
1447684776 16250
1447685377 16312
1447685978 16312
1447686579 16250
1447687180 16250
1447687781 16312
1447688382 16250
1447688983 16312
1447689583 16312
1447690185 16250
1447690786 16250
1447691387 16250
1447691988 16312
1447692589 16312
1447693190 16312
1447693790 16312
1447694391 16375
1447694992 16375
1447695593 16375
1447696194 16375
1447696795 16375
1447697396 16375
1447697997 16375
1447698597 16375
1447699198 16375
1447699799 16375
1447700400 16375
1447701001 16437
1447701602 16437
1447702203 16437
1447702804 16437
1447703405 16437
1447704005 16437
1447704606 16437
1447705207 16437
1447705808 16437
1447706409 16437
1447707010 16437
1447707611 16437
1447708212 16437
1447708812 16437
1447709413 16437
1447710014 16437
1447710615 16437
1447711216 16437
1447711817 16437
1447712418 16437
1447713019 16437
1447713619 16437
1447714220 16437
1447714821 16437
1447715422 16437
1447716023 16437
1447716624 16437
1447717225 16437
1447717826 16500
1447718427 16625
1447719027 16687
1447719628 16750
1447720229 16812
1447720830 17000
1447721431 17125
1447722032 17187
1447722633 17250
1447723234 17250
1447723834 17312
1447724435 17375
1447725036 17437
1447725637 17500
1447726238 17437
1447726839 17437
1447727439 17437
1447728040 17437
1447728641 17375
1447729242 17375
1447729843 17375
1447730444 17375
1447731045 17375
1447731646 17312
1447732246 17312
1447732847 17250
1447733448 17187
1447734049 17125
1447734650 17062
1447735251 17062
1447735852 17000
1447736453 17000
1447737053 16937
1447737654 16875
1447738255 16875
1447738856 16812
1447739457 16812
1447740058 16812
1447740659 16687
1447741260 16687
1447741861 16625
1447742461 16625
1447743062 16625
1447743663 16562
1447744264 16562
1447744865 16562
1447745466 16562
1447746067 16500
1447746668 16437
1447747268 16437
1447747869 16375
1447748470 16312
1447749071 16250
1447749672 16250
1447750273 16187
1447750874 16187
1447751475 16125
1447752075 16125
1447752676 16062
1447753277 16062
1447753878 16125
1447754479 16062
1447755080 16000
1447755681 15937
1447756282 15875
1447756883 15812
1447757483 15812
1447758084 15750
1447758685 15687
1447759286 15687
1447759887 15625
1447760488 15625
1447761089 15687
1447761690 15687
1447762290 15687
1447762891 15625
1447763492 15687
1447764093 15812
1447764694 15875
1447765295 16000
1447765896 15937
1447766497 15812
1447767097 15750
1447767698 15687
1447768299 15625
1447768900 15562
1447769501 15562
1447770102 15500
1447770703 15500
1447771304 15500
1447771905 15500
1447772505 15437
1447773106 15437
1447773707 15375
1447774308 15375
1447774909 15375
1447775510 15375
1447776111 15312
1447776712 15312
1447777312 15312
1447777913 15312
1447778514 15312
1447779115 15312
1447779716 15312
1447780317 15312
1447780918 15312
1447781519 15312
1447782119 15312
1447782720 15312
1447783321 15250
1447783922 15250
1447784523 15250
1447785124 15250
1447785725 15187
1447786326 15187
1447786927 15187
1447787527 15187
1447788128 15187
1447788729 15187
1447789330 15187
1447789931 15125
1447790532 15125
1447791133 15062
1447791734 15125
1447792334 15062
1447792935 15062
1447793536 15062
1447794137 15062
1447794738 15062
1447795339 15062
1447795940 15062
1447796541 15000
1447797141 15062
1447797742 15000
1447798343 15000
1447798944 14937
1447799545 14937
1447800146 14937
1447800747 14875
1447801348 14875
1447801949 14812
1447802549 14812
1447803150 15000
1447803751 15062
1447804352 15125
1447804953 15125
1447805554 15125
1447806155 15125
1447806756 15125
1447807356 15062
1447807957 15062
1447808558 15062
1447809159 15062
1447809760 15187
1447810361 15125
1447810962 15312
1447811563 15375
1447812163 15437
1447812764 15375
1447813365 15375
1447813966 15375
1447814567 15375
1447815168 15437
1447815769 15375
1447816370 15312
1447816971 15250
1447817571 15250
1447818172 15187
1447818773 15187
1447819374 15187
1447819975 15187
1447820576 15375
1447821177 15500
1447821778 15750
1447822378 16062
1447822979 16375
1447823580 16687
1447824181 17000
1447824782 17312
1447825383 17625
1447825984 18000
1447826585 18375
1447827185 18687
1447827786 19062
1447828387 19312
1447828988 19687
1447829589 20062
1447830190 20437
1447830791 20437
1447831392 21187
1447831993 21437
1447832593 21687
1447833194 21937
1447833795 22125
1447834396 22250
1447834997 22312
1447835598 22312
1447836199 22375
1447836800 22375
1447837400 22375
1447838001 22375
1447838602 22312
1447839203 22250
1447839804 22187
1447840405 22125
1447841006 22062
1447841607 22000
1447842207 21937
1447842808 21812
1447843409 21750
1447844010 21687
1447844611 21562
1447845212 21562
1447845813 21437
1447846414 21437
1447847015 21437
1447847615 21375
1447848216 21437
1447848817 21437
1447849418 21500
1447850019 21437
1447850620 21562
1447851221 21750
1447851822 21937
1447852422 22125
1447853023 22250
1447853624 22375
1447854225 22375
1447854826 22312
1447855427 22250
1447856028 22187
1447856629 22125
1447857230 22062
1447857830 22062
1447858431 22062
1447859032 21937
1447859633 21937
1447860234 21937
1447860835 21875
1447861436 21812
1447862037 21750
1447862637 21687
1447863238 21687
1447863839 21687
1447864440 21625
1447865041 21562
1447865642 21562
1447866243 21500
1447866844 21500
1447867444 21437
1447868045 21375
1447868646 21312
1447869247 21312
1447869848 21250
1447870449 21187
1447871050 21125
1447871651 21125
1447872252 21062
1447872852 21000
1447873453 20937
1447874054 20937
1447874655 20812
1447875256 20750
1447875857 20687
1447876458 20687
1447877059 20625
1447877659 20562
1447878260 20562
1447878861 20500
1447879462 20437
1447880063 20375
1447880664 20312
1447881265 20312
1447881866 20250
1447882466 20187
1447883067 20187
1447883668 20187
1447884269 20187
1447884870 20187
1447885471 20250
1447886072 20312
1447886673 20375
1447887274 20437
1447887874 20500
1447888475 20562
1447889076 20937
1447889677 21062
1447890278 21187
1447890879 21375
1447891480 21500
1447892081 21625
1447892681 22062
1447893282 22250
1447893883 22187
1447894484 22250
1447895085 22500
1447895686 22625
1447896287 22750
1447896888 22812
1447897488 22750
1447898089 22750
1447898690 22750
1447899291 22750
1447899892 22687
1447900493 22687
1447901094 22625
1447901695 22625
1447902296 22562
1447902896 22500
1447903497 22375
1447904098 22312
1447904699 22250
1447905300 22125
1447905901 22062
1447906502 21937
1447907103 21937
1447907703 21875
1447908304 21812
1447908905 21687
1447909506 21625
1447910107 21562
1447910708 21562
1447911309 21500
1447911910 21437
1447912510 21312
1447913111 21250
1447913712 21187
1447914313 21125
1447914914 21062
1447915515 21000
1447916116 20937
1447916717 20937
1447917318 20875
1447917918 20812
1447918519 20750
1447919120 20687
1447919721 20687
1447920322 20625
1447920923 20562
1447921524 20500
1447922125 20437
1447922725 20375
1447923326 20312
1447923927 20250
1447924528 20187
1447925129 20187
1447925730 20125
1447926331 20062
1447926932 20000
1447927533 20000
1447928133 20000
1447928734 19937
1447929335 20000
1447929936 20062
1447930537 20187
1447931138 20312
1447931739 20437
1447932340 20625
1447932940 20812
1447933541 21000
1447934142 21187
1447934743 21437
1447935344 21562
1447935945 21812
1447936546 22062
1447937147 22250
1447937747 22437
1447938348 22625
1447938949 22812
1447939550 22937
1447940151 23000
1447940752 23000
1447941353 23000
1447941954 23000
1447942555 23062
1447943155 23000
1447943756 22937
1447944357 22937
1447944958 22937
1447945559 22875
1447946160 22812
1447946761 22750
1447947362 22687
1447947962 22625
1447948563 22562
1447949164 22500
1447949765 22437
1447950366 22437
1447950967 22375
1447951568 22375
1447952169 22312
1447952769 22250
1447953370 22250
1447953971 22187
1447954572 22187
1447955173 22125
1447955774 22062
1447956375 22000
1447956976 21937
1447957577 21875
1447958177 21812
1447958778 21750
1447959379 21687
1447959980 21687
1447960581 21625
1447961182 21625
1447961783 21562
1447962384 21562
1447962984 21500
1447963585 21437
1447964186 21437
1447964787 21437
1447965388 21375
1447965989 21312
1447966590 21250
1447967191 21250
1447967791 21187
1447968392 21125
1447968993 21062
1447969594 21062
1447970195 21000
1447970796 21000
1447971397 21000
1447971998 20937
1447972599 20937
1447973199 20937
1447973800 20875
1447974401 20812
1447975002 20812
1447975603 20750
1447976204 20750
1447976805 20687
1447977406 20625
1447978006 20562
1447978607 20562
1447979208 20500
1447979809 20500
1447980410 20500
1447981011 20437
1447981612 20437
1447982213 20437
1447982813 20375
1447983414 20312
1447984015 20312
1447984616 20312
1447985217 20312
1447985818 20312
1447986419 20312
1447987020 20250
1447987621 20250
1447988221 20250
1447988822 20187
1447989423 20187
1447990024 20125
1447990625 20125
1447991226 20125
1447991827 20125
1447992428 20125
1447993028 20062
1447993629 20062
1447994230 20062
1447994831 20062
1447995432 20000
1447996033 20000
1447996634 20000
1447997235 20000
1447997835 19937
1447998436 19937
1447999037 19937
1447999638 19875
1448000239 19875
1448000840 19875
1448001441 19875
1448002042 19875
1448002643 19875
1448003243 19875
1448003844 19812
1448004445 19812
1448005046 19812
1448005647 19812
1448006248 19750
1448006849 19750
1448007450 19750
1448008050 19750
1448008651 19750
1448009252 19750
1448009853 19750
1448010454 19750
1448011055 19750
1448011656 19750
1448012257 19750
1448012857 19750
1448013458 19750
1448014059 19750
1448014660 19750
1448015261 19687
1448015862 19687
1448016463 19750
1448017064 19750
1448017665 19750
1448018265 19812
1448018866 19875
1448019467 19937
1448020068 20000
1448020669 20062
1448021270 20125
1448021871 20187
1448022472 20250
1448023072 20312
1448023673 20375
1448024274 20375
1448024875 20375
1448025476 20375
1448026077 20375
1448026678 20375
1448027279 20437
1448027879 20437
1448028480 20437
1448029081 20437
1448029682 20500
1448030283 20500
1448030884 20500
1448031485 20500
1448032086 20500
1448032687 20562
1448033287 20562
1448033888 20562
1448034489 20562
1448035090 20562
1448035691 20500
1448036292 20500
1448036893 20500
1448037494 20500
1448038094 20562
1448038695 20562
1448039296 20500
1448039897 20500
1448040498 20562
1448041099 20500
1448041700 20500
1448042301 20500
1448042901 20500
1448043502 20437
1448044103 20437
1448044704 20437
1448045305 20375
1448045906 20375
1448046507 20375
1448047108 20375
1448047709 20312
1448048309 20312
1448048910 20312
1448049511 20312
1448050112 20312
1448050713 20250
1448051314 20250
1448051915 20250
1448052516 20250
1448053116 20250
1448053717 20187
1448054318 20187
1448054919 20187
1448055520 20187
1448056121 20187
1448056722 20125
1448057323 20125
1448057923 20125
1448058524 20062
1448059125 20000
1448059726 20000
1448060327 19937
1448060928 19937
1448061529 19875
1448062130 19812
1448062731 19812
1448063331 19812
1448063932 19750
1448064533 19750
1448065134 19687
1448065735 19687
1448066336 19625
1448066937 19562
1448067538 19500
1448068138 19437
1448068739 19375
1448069340 19375
1448069941 19312
1448070542 19250
1448071143 19187
1448071744 19187
1448072345 19125
1448072945 19062
1448073546 19062
1448074147 19062
1448074748 19000
1448075349 18937
1448075950 18937
1448076551 18875
1448077152 18812
1448077753 18750
1448078353 18687
1448078954 18687
1448079555 18625
1448080156 18562
1448080757 18500
1448081358 18500
1448081959 18437
1448082560 18437
1448083160 18375
1448083761 18312
1448084362 18312
1448084963 18250
1448085564 18250
1448086165 18125
1448086766 18062
1448087367 18062
1448087967 18000
1448088568 17937
1448089169 17875
1448089770 17812
1448090371 17812
1448090972 17750
1448091573 17750
1448092174 17687
1448092775 17625
1448093375 17625
1448093976 17625
1448094577 17562
1448095178 17500
1448095779 17437
1448096380 17375
1448096981 17312
1448097582 17312
1448098182 17250
1448098783 17250
1448099384 17250
1448099985 17187
1448100586 17187
1448101187 17125
1448101788 17062
1448102389 17125
1448102989 17062
1448103590 17125
1448104191 17187
1448104792 17312
1448105393 17437
1448105994 17625
1448106595 17875
1448107196 18125
1448107797 18375
1448108397 18625
1448108998 18937
1448109599 19187
1448110200 19437
1448110801 19687
1448111402 20000
1448112003 20250
1448112604 20500
1448113204 20687
1448113805 20937
1448114406 21125
1448115007 21312
1448115608 21500
1448116209 21625
1448116810 21687
1448117411 21812
1448118011 21937
1448118612 21937
1448119213 22000
1448119814 22000
1448120415 22062
1448121016 22062
1448121617 22062
1448122218 22062
1448122819 22062
1448123419 22062
1448124020 22000
1448124621 22000
1448125222 21937
1448125823 21937
1448126424 21875
1448127025 21875
1448127626 21812
1448128226 21750
1448128827 21750
1448129428 21625
1448130029 21375
1448130630 21187
1448131231 21125
1448131832 21187
1448132433 21187
1448133033 21187
1448133634 21187
1448134235 21000
1448134836 20937
1448135437 20875
1448136038 20812
1448136639 20750
1448137240 20687
1448137841 20625
1448138441 20562
1448139042 20312
1448139643 20250
1448140244 20187
1448140845 20187
1448141446 20187
1448142047 20250
1448142648 20250
1448143248 20250
1448143849 20312
1448144450 20312
1448145051 20312
1448145652 20312
1448146253 20312
1448146854 20437
1448147455 20500
1448148055 20562
1448148656 20687
1448149257 20750
1448149858 20750
1448150459 20750
1448151060 20750
1448151661 20750
1448152262 20687
1448152863 20625
1448153463 20562
1448154064 20625
1448154665 20687
1448155266 20750
1448155867 20875
1448156468 20875
1448157069 20875
1448157670 20812
1448158270 20750
1448158871 20687
1448159472 20562
1448160073 20500
1448160674 20437
1448161275 20375
1448161876 20312
1448162477 20312
1448163077 20312
1448163678 20312
1448164279 20250
1448164880 20187
1448165481 20125
1448166082 20125
1448166683 20000
1448167284 19937
1448167885 19875
1448168485 19875
1448169086 19812
1448169687 19812
1448170288 19812
1448170889 19750
1448171490 19687
1448172091 19625
1448172692 19562
1448173292 19562
1448173893 19500
1448174494 19500
1448175095 19437
1448175696 19375
1448176297 19375
1448176898 19375
1448177499 19312
1448178099 19312
1448178700 19312
1448179301 19250
1448179902 19187
1448180503 19125
1448181104 19125
1448181705 19062
1448182306 19000
1448182907 18937
1448183507 18937
1448184108 18875
1448184709 18812
1448185310 18750
1448185911 18750
1448186512 18687
1448187113 18625
1448187714 18562
1448188314 18500
1448188915 18437
1448189516 18437
1448190117 18437
1448190718 18437
1448191319 18375
1448191920 18375
1448192521 18437
1448193121 18500
1448193722 18625
1448194323 18750
1448194924 18937
1448195525 19187
1448196126 19437
1448196727 19625
1448197328 19937
1448197929 20250
1448198529 20562
1448199130 20875
1448199731 21187
1448200332 21500
1448200933 21812
1448201534 22125
1448202135 22250
1448202736 22562
1448203336 22750
1448203937 22937
1448204538 23062
1448205139 23125
1448205740 23250
1448206341 23312
1448206942 23312
1448207543 23375
1448208143 23375
1448208744 23375
1448209345 23375
1448209946 23375
1448210547 23312
1448211148 23312
1448211749 23250
1448212350 23250
1448212951 23187
1448213551 23062
1448214152 23000
1448214753 22937
1448215354 22937
1448215955 22875
1448216556 22812
1448217157 22750
1448217758 22687
1448218358 22687
1448218959 22687
1448219560 22750
1448220161 22687
1448220762 22812
1448221363 22875
1448221964 22875
1448222565 22812
1448223166 22812
1448223766 22687
1448224367 22750
1448224968 22750
1448225569 22687
1448226170 22750
1448226771 22687
1448227372 22625
1448227973 22625
1448228573 22625
1448229174 22625
1448229775 22625
1448230376 22625
1448230977 22625
1448231578 22625
1448232179 22687
1448232780 22687
1448233380 22562
1448233981 22437
1448234582 22375
1448235183 22250
1448235784 22187
1448236385 22125
1448236986 22062
1448237587 22062
1448238188 22062
1448238788 22062
1448239389 534125
1448239990 22125
1448240591 22125
1448241192 22062
1448241793 22062
1448242394 22062
1448242995 22062
1448243595 22187
1448244196 22125
1448244797 22062
1448245398 22000
1448245999 22000
1448246600 22000
1448247201 22000
1448247802 22062
1448248402 22000
1448249003 21875
1448249604 21687
1448250205 21562
1448250806 21500
1448251407 21437
1448252008 21312
1448252609 21250
1448253210 21187
1448253810 21062
1448254411 21062
1448255012 20937
1448255613 20875
1448256214 20875
1448256815 20812
1448257416 20750
1448258017 20687
1448258617 20687
1448259218 20562
1448259819 20500
1448260420 20437
1448261021 20437
1448261622 20375
1448262223 20312
1448262824 20250
1448263424 20187
1448264025 20125
1448264626 20125
1448265227 20062
1448265828 20000
1448266429 20000
1448267030 19937
1448267631 19937
1448268232 19875
1448268832 19812
1448269433 19750
1448270034 19687
1448270635 19625
1448271236 19562
1448271837 19562
1448272438 19500
1448273039 19500
1448273639 19500
1448274240 19500
1448274841 19562
1448275442 19687
1448276043 19812
1448276644 19937
1448277245 19937
1448277846 20062
1448278446 20062
1448279047 20125
1448279648 20125
1448280249 20125
1448280850 20125
1448281451 20187
1448282052 20187
1448282653 20250
1448283254 20250
1448283854 20250
1448284455 20250
1448285056 20187
1448285657 20187
1448286258 20187
1448286859 20125
1448287460 20062
1448288061 20000
1448288661 20000
1448289262 19937
1448289863 19875
1448290464 19875
1448291065 19812
1448291666 19750
1448292267 19687
1448292868 19687
1448293468 19625
1448294069 19625
1448294670 19562
1448295271 19562
1448295872 19500
1448296473 19437
1448297074 19437
1448297675 19375
1448298276 19437
1448298876 19437
1448299477 19375
1448300078 19312
1448300679 19250
1448301280 19187
1448301881 19187
1448302482 19125
1448303083 19125
1448303683 19062
1448304284 19000
1448304885 19000
1448305486 18937
1448306087 18875
1448306688 18875
1448307289 18812
1448307890 18750
1448308490 18687
1448309091 18625
1448309692 18625
1448310293 18562
1448310894 18500
1448311495 18500
1448312096 18500
1448312697 18562
1448313298 18625
1448313898 18687
1448314499 18687
1448315100 18687
1448315701 18687
1448316302 18687
1448316903 18625
1448317504 18625
1448318105 18562
1448318705 18562
1448319306 18500
1448319907 18437
1448320508 18437
1448321109 18437
1448321710 18500
1448322311 18500
1448322912 18562
1448323512 18625
1448324113 18625
1448324714 18687
1448325315 18687
1448325916 18812
1448326517 18875
1448327118 18937
1448327719 18937
1448328320 18937
1448328920 18875
1448329521 18875
1448330122 18812
1448330723 18812
1448331324 18812
1448331925 18812
1448332526 18812
1448333127 18812
1448333727 18750
1448334328 18750
1448334929 18687
1448335530 18625
1448336131 18562
1448336732 18562
1448337333 18437
1448337934 18375
1448338534 18375
1448339135 18312
1448339736 18250
1448340337 18187
1448340938 18187
1448341539 18125
1448342140 18062
1448342741 18000
1448343342 17937
1448343942 17875
1448344543 17812
1448345144 17750
1448345745 17687
1448346346 17625
1448346947 17500
1448347548 17437
1448348149 17375
1448348749 17312
1448349350 17312
1448349951 17250
1448350552 17187
1448351153 17125
1448351754 17062
1448352355 17000
1448352956 16875
1448353557 16812
1448354157 16750
1448354758 16687
1448355359 16625
1448355960 16562
1448356561 16500
1448357162 16437
1448357763 16375
1448358364 16312
1448358964 16312
1448359565 16250
1448360166 16187
1448360767 16125
1448361368 16000
1448361969 15937
1448362570 15875
1448363171 15812
1448363771 15750
1448364372 15687
1448364973 15625
1448365574 15562
1448366175 15500
1448366776 15437
1448367377 15375
1448367978 15312
1448368579 15250
1448369179 15250
1448369780 15250
1448370381 15187
1448370982 15187
1448371583 15187
1448372184 15187
1448372785 15187
1448373386 15125
1448373986 15125
1448374587 15125
1448375188 15125
1448375789 15062
1448376390 15000
1448376991 15000
1448377592 14937
1448378193 14937
1448378793 14937
1448379394 14875
1448379995 14812
1448380596 14812
1448381197 14812
1448381798 14750
1448382399 14750
1448383000 14750
1448383601 14750
1448384201 14750
1448384802 14687
1448385403 14687
1448386004 -62
1448386605 14687
1448387206 14625
1448387807 14625
1448388408 14562
1448389008 14562
1448389609 14625
1448390210 14750
1448390811 14875
1448391412 15062
1448392013 15250
1448392614 15312
1448393215 15375
1448393815 15437
1448394416 15500
1448395017 15562
1448395618 15562
1448396219 15625
1448396820 15625
1448397421 15625
1448398022 15687
1448398623 15687
1448399223 15687
1448399824 15687
1448400425 15687
1448401026 15687
1448401627 15687
1448402228 15750
1448402829 15750
1448403430 15750
1448404030 15812
1448404631 15875
1448405232 15937
1448405833 16062
1448406434 16250
1448407035 16437
1448407636 16750
1448408237 17000
1448408837 17250
1448409438 17562
1448410039 17875
1448410640 18187
1448411241 18500
1448411842 18812
1448412443 19125
1448413044 19437
1448413645 19812
1448414245 20187
1448414846 20500
1448415447 20812
1448416048 21125
1448416649 21500
1448417250 21812
1448417851 21937
1448418452 22125
1448419052 22312
1448419653 22562
1448420254 22750
1448420855 22875
1448421456 22937
1448422057 23000
1448422658 23000
1448423259 23000
1448423859 23000
1448424460 23000
1448425061 22937
1448425662 22875
1448426263 22812
1448426864 22750
1448427465 22625
1448428066 22625
1448428667 22562
1448429267 22437
1448429868 22375
1448430469 22250
1448431070 22187
1448431671 22062
1448432272 21937
1448432873 21875
1448433474 21812
1448434074 21687
1448434675 21562
1448435276 21500
1448435877 21437
1448436478 21312
1448437079 21250
1448437680 21187
1448438281 21062
1448438881 20937
1448439482 20875
1448440083 20750
1448440684 20687
1448441285 20625
1448441886 20500
1448442487 20437
1448443088 20375
1448443689 20312
1448444289 20187
1448444890 20125
1448445491 20000
1448446092 19937
1448446693 19937
1448447294 20062
1448447895 20187
1448448496 20312
1448449097 20500
1448449697 20687
1448450298 20875
1448450899 21125
1448451500 21375
1448452101 21562
1448452702 21875
1448453303 22312
1448453904 22500
1448454504 22687
1448455105 23000
1448455706 23125
1448456307 23125
1448456908 23187
1448457509 23187
1448458110 23187
1448458711 23125
1448459311 23125
1448459912 23062
1448460513 23000
1448461114 22875
1448461715 22812
1448462316 22750
1448462917 22687
1448463518 22687
1448464119 22625
1448464719 22562
1448465320 22500
1448465921 22437
1448466522 22375
1448467123 22312
1448467724 22250
1448468325 22187
1448468926 22187
1448469526 22062
1448470127 22000
1448470728 21937
1448471329 21875
1448471930 21812
1448472531 21687
1448473132 21687
1448473733 21625
1448474334 21562
1448474934 21500
1448475535 21437
1448476136 21375
1448476737 21312
1448477338 21250
1448477939 21187
1448478540 21125
1448479141 21062
1448479741 21000
1448480342 20937
1448480943 20875
1448481544 20812
1448482145 20750
1448482746 20625
1448483347 20625
1448483948 20562
1448484548 20500
1448485149 20437
1448485750 20375
1448486351 20312
1448486952 20250
1448487553 20187
1448488154 20125
1448488755 20062
1448489356 20000
1448489956 19875
1448490557 19937
1448491158 19937
1448491759 20062
1448492360 20250
1448492961 20500
1448493562 20750
1448494163 21062
1448494763 21375
1448495364 21625
1448495965 21937
1448496566 22187
1448497167 22375
1448497768 22500
1448498369 22625
1448498970 22750
1448499570 22812
1448500171 22875
1448500772 22812
1448501373 22812
1448501974 22750
1448502575 22750
1448503176 22687
1448503777 22625
1448504378 22625
1448504978 22562
1448505579 22562
1448506180 22500
1448506781 22437
1448507382 22375
1448507983 22375
1448508584 22312
1448509185 22250
1448509785 22187
1448510386 22125
1448510987 22062
1448511588 22000
1448512189 21937
1448512790 21875
1448513391 21812
1448513992 21687
1448514593 21625
1448515193 21562
1448515794 21500
1448516395 21500
1448516996 21437
1448517597 21312
1448518198 21250
1448518799 21187
1448519400 21125
1448520000 21062
1448520601 21000
1448521202 20937
1448521803 20937
1448522404 20875
1448523005 20812
1448523606 20750
1448524207 20687
1448524808 20625
1448525408 20625
1448526009 20562
1448526610 20437
1448527211 20437
1448527812 20312
1448528413 20250
1448529014 20250
1448529615 20125
1448530215 20125
1448530816 20062
1448531417 20000
1448532018 19937
1448532619 19937
1448533220 19937
1448533821 20000
1448534422 20062
1448535022 20187
1448535623 20375
1448536224 20625
1448536825 20875
1448537426 21125
1448538027 21375
1448538628 21687
1448539229 22000
1448539830 22312
1448540430 22562
1448541031 22750
1448541632 22937
1448542233 23125
1448542834 23312
1448543435 23437
1448544036 23437
1448544637 23500
1448545237 23562
1448545838 23500
1448546439 23500
1448547040 23437
1448547641 23437
1448548242 23375
1448548843 23375
1448549444 23375
1448550044 23312
1448550645 23312
1448551246 23312
1448551847 23375
1448552448 23375
1448553049 23312
1448553650 23437
1448554251 23437
1448554852 23437
1448555452 23375
1448556053 23375
1448556654 23312
1448557255 23312
1448557856 23250
1448558457 23250
1448559058 23250
1448559659 23125
1448560259 23062
1448560860 23062
1448561461 23000
1448562062 22937
1448562663 22875
1448563264 22812
1448563865 22812
1448564466 22750
1448565067 22750
1448565667 22750
1448566268 22687
1448566869 22687
1448567470 22625
1448568071 22625
1448568672 22562
1448569273 22562
1448569874 22562
1448570474 22500
1448571075 22500
1448571676 22437
1448572277 22437
1448572878 22375
1448573479 22375
1448574080 22312
1448574681 22312
1448575281 22250
1448575882 22250
1448576483 22187
1448577084 22187
1448577685 22187
1448578286 22125
1448578887 22062
1448579488 22062
1448580089 22000
1448580689 21937
1448581290 21937
1448581891 21875
1448582492 21875
1448583093 21812
1448583694 21812
1448584295 21812
1448584896 21875
1448585496 21875
1448586097 21875
1448586698 21812
1448587299 21750
1448587900 21750
1448588501 21750
1448589102 21750
1448589703 21750
1448590304 21687
1448590904 21687
1448591505 21687
1448592106 21687
1448592707 21625
1448593308 21625
1448593909 21562
1448594510 21500
1448595111 21500
1448595711 21500
1448596312 21437
1448596913 21437
1448597514 21375
1448598115 21375
1448598716 21375
1448599317 21312
1448599918 21312
1448600518 21250
1448601119 21250
1448601720 21187
1448602321 21187
1448602922 21187
1448603523 21187
1448604124 21187
1448604725 21187
1448605326 21125
1448605926 21125
1448606527 21062
1448607128 21062
1448607729 21062
1448608330 21000
1448608931 21000
1448609532 21000
1448610133 20937
1448610733 20937
1448611334 20937
1448611935 20875
1448612536 20875
1448613137 20875
1448613738 20812
1448614339 20812
1448614940 20812
1448615541 20750
1448616141 20750
1448616742 20687
1448617343 20687
1448617944 20687
1448618545 20687
1448619146 20625
1448619747 20625
1448620348 20562
1448620948 20562
1448621549 20562
1448622150 20562
1448622751 20625
1448623352 20625
1448623953 20687
1448624554 20687
1448625155 20750
1448625756 20875
1448626356 21000
1448626957 21062
1448627558 21187
1448628159 21312
1448628760 21437
1448629361 21562
1448629962 21875
1448630563 22062
1448631163 22187
1448631764 22375
1448632365 22500
1448632966 22562
1448633567 22625
1448634168 22687
1448634769 22750
1448635370 22687
1448635970 22687
1448636571 22687
1448637172 22750
1448637773 22750
1448638374 22687
1448638975 22625
1448639576 22562
1448640177 22562
1448640778 22562
1448641378 22500
1448641979 22562
1448642580 22562
1448643181 22562
1448643782 22500
1448644383 22500
1448644984 22500
1448645585 22500
1448646185 22500
1448646786 22437
1448647387 22437
1448647988 22437
1448648589 22437
1448649190 22437
1448649791 22375
1448650392 22375
1448650993 22312
1448651593 22312
1448652194 22312
1448652795 22312
1448653396 22312
1448653997 22250
1448654598 22312
1448655199 22312
1448655800 22250
1448656400 22250
1448657001 22250
1448657602 22250
1448658203 22250
1448658804 22187
1448659405 22187
1448660006 22187
1448660607 22125
1448661207 22125
1448661808 22062
1448662409 22062
1448663010 22062
1448663611 22062
1448664212 22062
1448664813 22000
1448665414 22000
1448666015 22000
1448666615 22000
1448667216 22000
1448667817 22000
1448668418 21937
1448669019 21937
1448669620 21937
1448670221 21937
1448670822 21937
1448671422 21937
1448672023 21937
1448672624 21875
1448673225 21875
1448673826 21812
1448674427 21812
1448675028 21812
1448675629 21812
1448676229 21750
1448676830 21750
1448677431 21750
1448678032 21687
1448678633 21687
1448679234 21687
1448679835 21687
1448680436 21687
1448681037 21625
1448681637 21625
1448682238 21625
1448682839 21562
1448683440 21562
1448684041 21562
1448684642 21562
1448685243 21562
1448685844 21562
1448686444 21562
1448687045 21500
1448687646 21562
1448688247 21500
1448688848 21500
1448689449 21500
1448690050 21500
1448690651 21437
1448691252 21437
1448691852 21437
1448692453 21437
1448693054 21375
1448693655 21437
1448694256 21437
1448694857 21375
1448695458 21375
1448696059 21312
1448696659 21312
1448697260 21250
1448697861 21250
1448698462 21250
1448699063 21250
1448699664 21250
1448700265 21250
1448700866 21250
1448701467 21250
1448702067 21187
1448702668 21187
1448703269 21187
1448703870 21187
1448704471 21187
1448705072 21125
1448705673 21187
1448706274 21125
1448706874 21062
1448707475 21000
1448708076 21000
1448708677 21000
1448709278 21000
1448709879 21000
1448710480 21000
1448711081 20937
1448711681 20937
1448712282 20937
1448712883 20937
1448713484 20937
1448714085 20937
1448714686 20937
1448715287 20875
1448715888 20875
1448716489 20875
1448717089 20812
1448717690 20812
1448718291 20812
1448718892 20750
1448719493 20750
1448720094 20750
1448720695 20750
1448721296 20750
1448721896 20687
1448722497 20687
1448723098 20687
1448723699 20687
1448724300 20687
1448724901 20625
1448725502 20625
1448726103 20625
1448726704 20625
1448727304 20625
1448727905 20562
1448728506 20562
1448729107 20500
1448729708 20500
1448730309 20500
1448730910 20437
1448731511 20500
1448732111 20437
1448732712 20437
1448733313 20437
1448733914 20437
1448734515 20437
1448735116 20375
1448735717 20375
1448736318 20312
1448736918 20312
1448737519 20250
1448738120 20250
1448738721 20187
1448739322 20187
1448739923 20187
1448740524 20125
1448741125 20125
1448741726 20062
1448742326 20062
1448742927 20062
1448743528 20062
1448744129 20062
1448744730 20125
1448745331 20125
1448745932 20125
1448746533 20125
1448747133 20187
1448747734 20187
1448748335 20250
1448748936 20312
1448749537 20375
1448750138 20437
1448750739 20500
1448751340 20562
1448751941 20625
1448752541 20687
1448753142 20750
1448753743 20750
1448754344 20812
1448754945 20812
1448755546 20875
1448756147 20875
1448756748 20875
1448757348 20937
1448757949 20937
1448758550 20937
1448759151 20937
1448759752 20937
1448760353 20937
1448760954 20937
1448761555 20937
1448762155 20875
1448762756 20875
1448763357 20812
1448763958 20750
1448764559 20750
1448765160 20687
1448765761 20687
1448766362 20625
1448766963 20625
1448767563 20562
1448768164 20562
1448768765 20500
1448769366 20500
1448769967 20437
1448770568 20437
1448771169 20375
1448771770 20375
1448772370 20312
1448772971 20250
1448773572 20187
1448774173 20187
1448774774 20125
1448775375 20062
1448775976 20000
1448776577 20000
1448777177 19937
1448777778 19937
1448778379 19937
1448778980 19875
1448779581 19812
1448780182 19812
1448780783 19750
1448781384 19687
1448781985 19625
1448782585 19562
1448783186 19562
1448783787 19500
1448784388 19437
1448784989 19375
1448785590 19312
1448786191 19312
1448786792 19250
1448787392 19250
1448787993 19187
1448788594 19125
1448789195 19125
1448789796 19062
1448790397 19000
1448790998 18937
1448791599 18937
1448792200 18812
1448792800 18750
1448793401 18687
1448794002 18687
1448794603 18625
1448795204 18687
1448795805 18687
1448796406 18812
1448797007 18937
1448797607 19187
1448798208 19375
1448798809 19687
1448799410 19937
1448800011 20187
1448800612 20437
1448801213 20750
1448801814 21062
1448802414 21312
1448803015 21562
1448803616 21812
1448804217 22000
1448804818 22125
1448805419 22250
1448806020 22312
1448806621 22375
1448807222 22437
1448807822 22500
1448808423 22562
1448809024 22562
1448809625 22562
1448810226 22562
1448810827 22562
1448811428 22562
1448812029 22562
1448812629 22500
1448813230 22500
1448813831 22437
1448814432 22437
1448815033 22375
1448815634 22375
1448816235 22375
1448816836 22312
1448817437 22250
1448818037 22250
1448818638 22250
1448819239 22187
1448819840 22062
1448820441 22000
1448821042 21937
1448821643 21875
1448822244 21812
1448822844 21750
1448823445 21750
1448824046 21687
1448824647 21625
1448825248 21562
1448825849 21562
1448826450 21500
1448827051 21437
1448827652 21375
1448828252 21312
1448828853 21250
1448829454 21250
1448830055 21187
1448830656 21125
1448831257 21000
1448831858 20937
1448832459 20875
1448833059 20812
1448833660 20750
1448834261 20750
1448834862 20687
1448835463 20625
1448836064 20562
1448836665 20562
1448837266 20500
1448837866 20500
1448838467 20500
1448839068 20500
1448839669 20500
1448840270 20625
1448840871 20625
1448841472 20750
1448842073 20812
1448842674 20937
1448843274 21187
1448843875 21375
1448844476 21562
1448845077 21750
1448845678 21937
1448846279 22125
1448846880 22250
1448847481 22375
1448848081 22500
1448848682 22562
1448849283 22625
1448849884 22625
1448850485 22625
1448851086 22625
1448851687 22562
1448852288 22562
1448852888 22500
1448853489 22500
1448854090 22437
1448854691 22375
1448855292 22375
1448855893 22250
1448856494 22250
1448857095 22187
1448857696 22125
1448858296 22062
1448858897 22000
1448859498 21937
1448860099 21875
1448860700 21750
1448861301 21687
1448861902 21562
1448862503 21437
1448863103 21375
1448863704 21312
1448864305 21187
1448864906 21187
1448865507 21062
1448866108 20937
1448866709 20812
1448867310 20750
1448867910 20687
1448868511 20625
1448869112 20562
1448869713 20500
1448870314 20375
1448870915 20312
1448871516 20250
1448872117 20187
1448872718 20062
1448873318 20000
1448873919 19937
1448874520 19875
1448875121 19812
1448875722 19750
1448876323 19625
1448876924 19562
1448877525 19500
1448878125 19562
1448878726 19562
1448879327 19687
1448879928 19812
1448880529 20062
1448881130 20250
1448881731 20562
1448882332 20812
1448882933 21062
1448883533 21375
1448884134 21687
1448884735 21937
1448885336 22250
1448885937 22500
1448886538 22750
1448887139 23000
1448887740 23125
1448888340 23187
1448888941 23250
1448889542 23312
1448890143 23375
1448890744 23437
1448891345 23437
1448891946 23375
1448892547 23375
1448893147 23375
1448893748 23312
1448894349 23312
1448894950 23250
1448895551 23187
1448896152 23125
1448896753 23062
1448897354 23000
1448897955 22937
1448898555 22812
1448899156 22750
1448899757 22625
1448900358 22562
1448900959 22500
1448901560 22437
1448902161 22375
1448902762 22312
1448903362 22250
1448903963 22187
1448904564 22125
1448905165 22062
1448905766 21937
1448906367 21937
1448906968 21812
1448907569 21812
1448908170 21687
1448908770 21562
1448909371 21500
1448909972 21437
1448910573 21312
1448911174 21250
1448911775 21187
1448912376 21187
1448912977 21062
1448913577 21000
1448914178 20937
1448914779 20875
1448915380 20812
1448915981 20750
1448916582 20687
1448917183 20625
1448917784 20562
1448918384 20500
1448918985 20375
1448919586 20312
1448920187 20187
1448920788 20187
1448921389 20125
1448921990 20062
1448922591 20125
1448923192 20187
1448923792 20312
1448924393 20437
1448924994 20625
1448925595 20875
1448926196 21062
1448926797 21375
1448927398 21625
1448927999 21937
1448928599 22250
1448929200 22562
1448929801 22812
1448930402 23062
1448931003 23250
1448931604 23375
1448932205 23500
1448932806 23625
1448933406 23625
1448934007 23687
1448934608 23687
1448935209 23687
1448935810 23687
1448936411 23687
1448937012 23625
1448937613 23625
1448938214 23562
1448938814 23500
1448939415 23437
1448940016 23375
1448940617 23250
1448941218 23187
1448941819 23062
1448942420 23000
1448943021 22937
1448943621 22875
1448944222 22812
1448944823 22750
1448945424 22625
1448946025 22562
1448946626 22500
1448947227 22375
1448947828 22312
1448948429 22250
1448949029 22187
1448949630 22125
1448950231 21937
1448950832 21875
1448951433 21812
1448952034 21687
1448952635 21625
1448953236 21500
1448953836 21375
1448954437 21312
1448955038 21250
1448955639 21187
1448956240 21125
1448956841 21000
1448957442 20937
1448958043 20875
1448958643 20812
1448959244 20750
1448959845 20625
1448960446 20562
1448961047 20437
1448961648 20375
1448962249 20312
1448962850 20187
1448963451 20125
1448964051 20062
1448964652 20062
1448965253 20062
1448965854 20187
1448966455 20250
1448967056 20437
1448967657 20625
1448968258 20875
1448968858 21125
1448969459 21375
1448970060 21625
1448970661 21875
1448971262 22125
1448971863 22437
1448972464 22750
1448973065 23000
1448973666 23250
1448974266 23437
1448974867 23562
1448975468 23687
1448976069 23750
1448976670 23812
1448977271 23812
1448977872 23812
1448978473 23812
1448979073 23812
1448979674 23750
1448980275 23750
1448980876 23687
1448981477 23562
1448982078 23562
1448982679 23500
1448983280 23375
1448983881 23312
1448984481 23250
1448985082 23187
1448985683 23125
1448986284 23000
1448986885 22937
1448987486 22875
1448988087 22750
1448988688 22750
1448989288 22687
1448989889 22625
1448990490 22562
1448991091 22500
1448991692 22437
1448992293 22375
1448992894 22312
1448993495 22250
1448994096 22187
1448994696 22125
1448995297 22062
1448995898 22000
1448996499 21937
1448997100 21875
1448997701 21812
1448998302 21812
1448998903 21687
1448999503 21625
1449000104 21562
1449000705 21500
1449001306 21437
1449001907 21375
1449002508 21312
1449003109 21187
1449003710 21187
1449004311 21125
1449004911 21062
1449005512 21000
1449006113 20937
1449006714 20875
1449007315 20812
1449007916 20812
1449008517 20750
1449009118 20687
1449009718 20750
1449010319 20750
1449010920 20812
1449011521 20937
1449012122 21062
1449012723 21250
1449013324 21437
1449013925 21687
1449014525 21937
1449015126 22187
1449015727 22375
1449016328 22562
1449016929 22687
1449017530 22875
1449018131 22937
1449018732 23000
1449019333 23062
1449019933 23125
1449020534 23125
1449021135 23125
1449021736 23062
1449022337 23062
1449022938 23062
1449023539 23062
1449024140 23000
1449024740 23000
1449025341 23000
1449025942 22937
1449026543 22875
1449027144 22812
1449027745 22812
1449028346 22750
1449028947 22750
1449029548 22687
1449030148 22625
1449030749 22562
1449031350 22437
1449031951 22375
1449032552 22312
1449033153 22250
1449033754 22187
1449034355 22125
1449034955 22125
1449035556 22062
1449036157 22062
1449036758 22062
1449037359 22000
1449037960 21937
1449038561 21875
1449039162 21812
1449039762 21812
1449040363 21687
1449040964 21687
1449041565 21625
1449042166 21562
1449042767 21500
1449043368 21437
1449043969 21375
1449044570 21312
1449045170 21250
1449045771 21250
1449046372 21187
1449046973 21125
1449047574 21125
1449048175 21000
1449048776 21000
1449049377 20937
1449049977 20875
1449050578 20812
1449051179 20812
1449051780 20812
1449052381 20750
1449052982 20812
1449053583 20812
1449054184 20937
1449054785 21062
1449055385 21187
1449055986 21375
1449056587 21562
1449057188 21750
1449057789 22000
1449058390 22187
1449058991 22375
1449059592 22562
1449060192 22687
1449060793 22812
1449061394 22937
1449061995 23000
1449062596 23062
1449063197 23125
1449063798 23125
1449064399 23250
1449065000 23250
1449065600 23250
1449066201 23250
1449066802 23250
1449067403 23187
1449068004 23187
1449068605 23125
1449069206 23062
1449069807 23000
1449070407 22937
1449071008 22875
1449071609 22875
1449072210 22812
1449072811 22687
1449073412 22625
1449074013 22562
1449074614 22437
1449075214 22437
1449075815 22312
1449076416 22312
1449077017 22250
1449077618 22187
1449078219 22187
1449078820 22062
1449079421 22062
1449080022 22000
1449080622 21937
1449081223 21875
1449081824 21875
1449082425 21812
1449083026 21750
1449083627 21687
1449084228 21625
1449084829 21500
1449085429 21500
1449086030 21437
1449086631 21375
1449087232 21312
1449087833 21250
1449088434 21250
1449089035 21187
1449089636 21125
1449090236 21062
1449090837 21062
1449091438 21000
1449092039 20937
1449092640 20937
1449093241 20875
1449093842 20812
1449094443 20750
1449095044 20687
1449095644 20687
1449096245 20687
1449096846 20750
1449097447 20875
1449098048 21000
1449098649 21125
1449099250 21437
1449099851 21562
1449100452 21812
1449101052 22062
1449101653 22187
1449102254 22375
1449102855 22500
1449103456 22562
1449104057 22687
1449104658 22750
1449105259 22812
1449105859 22875
1449106460 22937
1449107061 22937
1449107662 22937
1449108263 22937
1449108864 22937
1449109465 22937
1449110066 22937
1449110667 22937
1449111267 22937
1449111868 22937
1449112469 22937
1449113070 22937
1449113671 22875
1449114272 22875
1449114873 22875
1449115474 22812
1449116074 22812
1449116675 22812
1449117276 22812
1449117877 22812
1449118478 22812
1449119079 22750
1449119680 22687
1449120281 22687
1449120881 22687
1449121482 22625
1449122083 22562
1449122684 22500
1449123285 22500
1449123886 22437
1449124487 22437
1449125088 22437
1449125689 22375
1449126289 22375
1449126890 22312
1449127491 22312
1449128092 22312
1449128693 22312
1449129294 22250
1449129895 22250
1449130496 22187
1449131096 22187
1449131697 22125
1449132298 22062
1449132899 22062
1449133500 22000
1449134101 21937
1449134702 21937
1449135303 21875
1449135904 21812
1449136504 21812
1449137105 21750
1449137706 21750
1449138307 21687
1449138908 21687
1449139509 21625
1449140110 21625
1449140711 21625
1449141311 21562
1449141912 21562
1449142513 21500
1449143114 21500
1449143715 21375
1449144316 21375
1449144917 21375
1449145518 21250
1449146118 21250
1449146719 21250
1449147320 21250
1449147921 21187
1449148522 21250
1449149123 21312
1449149724 21375
1449150325 21312
1449150926 21312
1449151526 21312
1449152127 21250
1449152728 21187
1449153329 21062
1449153930 21062
1449154531 21000
1449155132 20937
1449155733 20875
1449156333 20875
1449156934 20750
1449157535 20750
1449158136 20625
1449158737 20625
1449159338 20562
1449159939 20500
1449160540 20437
1449161141 20437
1449161741 20375
1449162342 20375
1449162943 20375
1449163544 20312
1449164145 20312
1449164746 20250
1449165347 20250
1449165948 20187
1449166548 20187
1449167149 20187
1449167750 20125
1449168351 20062
1449168952 20062
1449169553 20000
1449170154 20000
1449170755 19937
1449171355 19937
1449171956 19875
1449172557 19812
1449173158 19750
1449173759 19687
1449174360 19625
1449174961 19625
1449175562 19562
1449176163 19500
1449176763 19500
1449177364 19437
1449177965 19437
1449178566 19375
1449179167 19375
1449179768 19312
1449180369 19312
1449180970 19312
1449181570 19312
1449182171 19437
1449182772 19562
1449183373 19750
1449183974 20000
1449184575 20250
1449185176 20562
1449185777 20875
1449186377 21250
1449186978 21562
1449187579 21875
1449188180 22312
1449188781 22625
1449189382 22812
1449189983 23000
1449190584 23187
1449191185 23375
1449191785 23437
1449192386 23562
1449192987 23625
1449193588 23625
1449194189 23750
1449194790 23875
1449195391 24062
1449195992 24125
1449196592 24125
1449197193 24187
1449197794 24312
1449198395 24187
1449198996 24125
1449199597 24062
1449200198 23937
1449200799 23875
1449201400 23750
1449202000 23687
1449202601 23562
1449203202 23437
1449203803 23312
1449204404 23250
1449205005 23125
1449205606 23062
1449206207 22937
1449206807 22875
1449207408 22812
1449208009 22750
1449208610 22687
1449209211 22562
1449209812 22500
1449210413 22500
1449211014 22437
1449211614 22375
1449212215 22312
1449212816 22250
1449213417 22187
1449214018 22062
1449214619 22000
1449215220 21937
1449215821 21875
1449216422 21750
1449217022 21750
1449217623 21625
1449218224 21562
1449218825 21500
1449219426 21437
1449220027 21375
1449220628 21312
1449221229 21187
1449221829 21125
1449222430 21125
1449223031 21062
1449223632 21000
1449224233 20937
1449224834 20937
1449225435 20937
1449226036 21000
1449226637 21062
1449227237 21187
1449227838 21312
1449228439 21562
1449229040 21750
1449229641 22000
1449230242 22250
1449230843 22500
1449231444 22750
1449232044 22937
1449232645 23125
1449233246 23375
1449233847 23500
1449234448 23625
1449235049 23687
1449235650 23750
1449236251 23750
1449236851 23750
1449237452 23750
1449238053 23750
1449238654 23750
1449239255 23687
1449239856 23625
1449240457 23625
1449241058 23562
1449241659 23562
1449242259 23500
1449242860 23437
1449243461 23375
1449244062 23312
1449244663 23250
1449245264 23250
1449245865 23125
1449246466 23125
1449247066 23062
1449247667 23062
1449248268 23000
1449248869 23000
1449249470 22937
1449250071 22875
1449250672 22812
1449251273 22750
1449251873 22687
1449252474 22687
1449253075 22625
1449253676 22562
1449254277 22437
1449254878 22375
1449255479 22312
1449256080 22187
1449256681 22187
1449257281 22062
1449257882 22062
1449258483 22000
1449259084 21937
1449259685 21875
1449260286 21812
1449260887 21750
1449261488 21687
1449262088 21687
1449262689 21625
1449263290 21562
1449263891 21500
1449264492 21500
1449265093 21375
1449265694 21375
1449266295 21312
1449266896 21250
1449267496 21187
1449268097 21187
1449268698 21125
1449269299 21062
1449269900 21000
1449270501 21000
1449271102 20937
1449271703 20937
1449272303 20875
1449272904 20812
1449273505 20750
1449274106 20687
1449274707 20625
1449275308 20562
1449275909 20625
1449276510 20687
1449277110 20812
1449277711 21000
1449278312 21250
1449278913 21500
1449279514 21687
1449280115 21937
1449280716 22250
1449281317 22562
1449281918 22812
1449282518 23062
1449283119 23250
1449283720 23375
1449284321 23500
1449284922 23562
1449285523 23625
1449286124 23625
1449286725 23687
1449287325 23687
1449287926 23687
1449288527 23687
1449289128 23625
1449289729 23562
1449290330 23562
1449290931 23500
1449291532 23437
1449292133 23375
1449292733 23375
1449293334 23312
1449293935 23187
1449294536 23125
1449295137 23062
1449295738 22937
1449296339 22875
1449296940 22812
1449297540 22750
1449298141 22687
1449298742 22625
1449299343 22562
1449299944 22437
1449300545 22437
1449301146 22375
1449301747 22312
1449302348 22250
1449302948 22187
1449303549 22125
1449304150 22000
1449304751 21875
1449305352 21812
1449305953 21750
1449306554 21625
1449307155 21562
1449307755 21500
1449308356 21437
1449308957 21375
1449309558 21312
1449310159 21250
1449310760 21187
1449311361 21125
1449311962 21062
1449312562 21000
1449313163 20875
1449313764 20812
1449314365 20750
1449314966 20687
1449315567 20562
1449316168 20500
1449316769 20437
1449317370 20437
1449317970 20375
1449318571 20312
1449319172 20312
1449319773 20312
1449320374 20375
1449320975 20375
1449321576 20500
1449322177 20500
1449322777 20625
1449323378 20750
1449323979 20875
1449324580 21062
1449325181 21250
1449325782 21500
1449326383 21687
1449326984 21875
1449327585 22062
1449328185 22250
1449328786 22375
1449329387 22500
1449329988 22562
1449330589 22625
1449331190 22750
1449331791 22750
1449332392 22812
1449332992 22812
1449333593 22812
1449334194 22812
1449334795 22812
1449335396 22812
1449335997 22812
1449336598 22812
1449337199 22812
1449337800 22812
1449338400 22875
1449339001 22937
